     0     0     0                   0
     0     0     0                   0
     0     0   100             6553600
     0    50   120             7877120
     0    60   140             9190400
     0    70   160            10503680
     0    80   180            11816960
     0    90   200            13130240
     0   100   220            14443520
     0   110   240            15756800
     0   120   255            16742400
     0   130   255            16744960
     0   140   255            16747520
     0   150   255            16750080
     0   160   255            16752640
     0   170   255            16755200
     0   180   255            16757760
     0   190   255            16760320
     0   200   255            16762880
     0   210   255            16765440
     0   220   255            16768000
     0   240   255            16773120
     0   255   170            11206400
     0   255   110             7274240
     0   255    50             3342080
   110   255    50             3342190
   150   255    30             2031510
   180   255    20             1376180
   200   255    10              720840
   210   255     0               65490
   225   255     0               65505
   255   220   100             6610175
   255   210   110             7262975
   255   200   120             7915775
   255   190   130             8568575
   255   180   140             9221375
   255   170   150             9874175
   255   160   160            10526975
   255   150   170            11179775
   255   140   180            11832575
   255   125   190            12484095
   255   110   200            13135615
   255   110   255            16740095
   255   130   255            16745215
   255   145   255            16749055
   255   160   255            16752895
   255   175   255            16756735
   255   185   255            16759295
   255   200   255            16763135
   255   210   255            16765695
   255   220   255            16768255
