   255   255   255            16777215
   250   250   250            16448250
   245   245   245            16119285
   240   240   240            15790320
   235   235   235            15461355
   230   230   230            15132390
   225   225   225            14803425
   220   220   220            14474460
   215   215   215            14145495
   210   210   210            13816530
   205   205   205            13487565
   200   200   200            13158600
   195   195   195            12829635
   190   190   190            12500670
   185   185   185            12171705
   180   180   180            11842740
   175   175   175            11513775
   170   170   170            11184810
   165   165   165            10855845
   160   160   160            10526880
   155   155   155            10197915
   150   150   150             9868950
   145   145   145             9539985
   140   140   140             9211020
   135   135   135             8882055
   130   130   130             8553090
   125   125   125             8224125
   120   120   120             7895160
   115   115   115             7566195
   110   110   110             7237230
   105   105   105             6908265
   100   100   100             6579300
    95    95    95             6250335
    90    90    90             5921370
    85    85    85             5592405
    80    80    80             5263440
    75    75    75             4934475
    70    70    70             4605510
    65    65    65             4276545
    60    60    60             3947580
    55    55    55             3618615
    50    50    50             3289650
    45    45    45             2960685
    40    40    40             2631720
    35    35    35             2302755
    30    30    30             1973790
    25    25    25             1644825
    20    20    20             1315860
    15    15    15              986895
    10    10    10              657930
     5     5     5              328965
