     0     0     0                   0
    10    10    10              657930
    15    15    15              986895
    20    20    20             1315860
    25    25    25             1644825
    30    30    30             1973790
    35    35    35             2302755
    40    40    40             2631720
    45    45    45             2960685
    50    50    50             3289650
    55    55    55             3618615
    60    60    60             3947580
    65    65    65             4276545
    70    70    70             4605510
    75    75    75             4934475
    80    80    80             5263440
    85    85    85             5592405
    90    90    90             5921370
    95    95    95             6250335
   100   100   100             6579300
   105   105   105             6908265
   110   110   110             7237230
   115   115   115             7566195
   120   120   120             7895160
   125   125   125             8224125
   130   130   130             8553090
   135   135   135             8882055
   140   140   140             9211020
   145   145   145             9539985
   150   150   150             9868950
   155   155   155            10197915
   160   160   160            10526880
   165   165   165            10855845
   170   170   170            11184810
   175   175   175            11513775
   180   180   180            11842740
   185   185   185            12171705
   190   190   190            12500670
   195   195   195            12829635
   200   200   200            13158600
   205   205   205            13487565
   210   210   210            13816530
   215   215   215            14145495
   220   220   220            14474460
   225   225   225            14803425
   230   230   230            15132390
   235   235   235            15461355
   240   240   240            15790320
   245   245   245            16119285
   250   250   250            16448250
   255   255   255            16777215
