     0     0    60             3932160
     0     0    80             5242880
     0     0   100             6553600
     0     0   120             7864320
     0     0   130             8519680
     0     0   140             9175040
     0     0   150             9830400
     0     0   160            10485760
     0     0   170            11141120
     0     0   180            11796480
     0     0   190            12451840
     0     0   200            13107200
     0     0   210            13762560
     0     0   220            14417920
     0     0   230            15073280
     0    40   255            16721920
     0    50   255            16724480
     0    60   255            16727040
     0    70   255            16729600
     0    80   255            16732160
     0    85   255            16733440
     0    90   255            16734720
     0    95   255            16736000
     0   100   255            16737280
     0   105   255            16738560
     0   110   255            16739840
     0   115   255            16741120
     0   120   255            16742400
     0   125   255            16743680
     0   130   255            16744960
     0   135   255            16746240
     0   140   255            16747520
     0   145   255            16748800
     0   150   255            16750080
     0   155   255            16751360
     0   160   255            16752640
     0   165   255            16753920
     0   170   255            16755200
     0   175   255            16756480
     0   180   255            16757760
     0   185   255            16759040
     0   190   255            16760320
     0   195   255            16761600
     0   200   255            16762880
     0   205   255            16764160
     0   210   255            16765440
     0   215   255            16766720
     0   220   255            16768000
     0   230   255            16770560
    80   255   255            16777040
   145   255   255            16777105
