     0     0     0                   0
    30     0    30             1966110
    50     0    50             3276850
    60     0    60             3932220
    70     0    70             4587590
    80     0    80             5242960
    90     0    90             5898330
   100     0   100             6553700
   110     0   110             7209070
   120     0   120             7864440
   130     0   130             8519810
   140     0   140             9175180
   150     9   150             9832854
   160     0   160            10485920
   145     0   160            10485905
   125     0   160            10485885
   115     0   170            11141235
   105     0   180            11796585
    95     0   190            12451935
    85     0   200            13107285
    70     0   210            13762630
    60     0   210            13762620
    50     0   210            13762610
    20     0   230            15073300
     0    40   240            15738880
     0    50   240            15741440
     0    60   240            15744000
     0    70   240            15746560
     0    80   240            15749120
     0    90   240            15751680
     0   100   240            15754240
     0   110   240            15756800
     0   120   240            15759360
     0   130   240            15761920
     0   140   240            15764480
     0   150   240            15767040
     0   160   240            15769600
     0   170   240            15772160
     0   180   240            15774720
     0   190   240            15777280
     0   200   240            15779840
     0   210   240            15782400
     0   220   240            15784960
     0   230   240            15787520
     0   255   255            16776960
    90   255   255            16777050
   140   255   255            16777100
   180   255   255            16777140
   200   255   255            16777160
   220   255   255            16777180
   240   255   255            16777180