     0     0     0                   0
    30    30    30             1973790
    45    45    45             2960685
    55    55    55             3618615
    60    55    90             5912380
    65    55   125             8206145
    75    60   150             9845835
    80    60   155            10173520
    85    65   160            10502485
    95    70   170            11159135
   100    75   180            11815780
   110    85   190            12473710
   120    95   210            13787000
   130   105   230            15100290
   140   115   250            16413580
   155   115   230            15102875
   165   125   220            14450085
   175   115   220            14447535
   185   105   210            13789625
   195    95   200            13131715
   205    85   190            12473805
   215    75   180            11815895
   225    65   160            10502625
   235    60   140             9190635
   245    50   130             8532725
   255    35   110             7218175
   255    35    85             5579775
   255    35    65             4269055
   255     0     0                 255
   255    55     0               14335
   255    65     0               16895
   255    80     0               20735
   255    95     0               24575
   255   105     0               27135
   255   115     0               29695
   255   125     0               32255
   255   135     0               34815
   255   145     0               37375
   255   155     0               39935
   255   165     0               42495
   255   175     0               45055
   255   185     0               47615
   255   195     0               50175
   255   205     0               52735
   255   215     0               55295
   255   225     0               57855
   255   235     0               60415
   255   245     0               62975
   255   255   115             7602175
   255   255   185            12189695
   255   255   255            16777215