   255   255   255            16777215
   250   250   250            16448250
   245   245   245            16119285
   240   240   240            15790320
   235   235   235            15461355
   230   230   230            15132390
   225   225   225            14803425
   220   220   220            14474460
   215   215   215            14145495
   210   210   210            13816530
   205   205   205            13487565
   200   200   200            13158600
   195   195   195            12829635
   190   190   190            12500670
   185   185   185            12171705
   180   180   180            11842740
   155   155   155            10197915
   151   151   151             9934743
   147   147   147             9671571
   143   143   143             9408399
   139   139   139             9145227
   135   135   135             8882055
   131   131   131             8618883
   127   127   127             8355711
   123   123   123             8092539
   119   119   119             7829367
   115   115   115             7566195
   111   111   111             7303023
   107   107   107             7039851
   103   103   103             6776679
    99    99    99             6513507
    95    95    95             6250335
    91    91    91             5987163
    87    87    87             5723991
    83    83    83             5460819
    79    79    79             5197647
    75    75    75             4934475
    70    70    70             4605510
    65    65    65             4276545
    60    60    60             3947580
    55    55    55             3618615
    50    50    50             3289650
    45    45    45             2960685
    40    40    40             2631720
    35    35    35             2302755
    30    30    30             1973790
    25    25    25             1644825
    20    20    20             1315860
    15    15    15              986895
    10    10    10              657930
     5     5     5              328965
